0000003000000000000000000020003000000003000000001001000000002000000002000300000000000000000002000000 1 7 4 7 5 8
0000000100000000000000003020003000003000000210001001000000000000000002000310000000000000000002001000 4 5 3 4 6 4
0000000100000000000000003020003020013000000010001001000000000000000002000010000000013000000002001000 10 7 7 7 7 9
0000000100000000000000003020003020013100000010001001000000000010003002000010000000210000000000001000 7 3 8 3 7 3
0000000100000000000000000012003023013100000010001001000000000010003002000110000000210000000000001000 10 7 8 7 8 5
0000000100000000000000003012003020010100000011001001000000000010003002000010000003210000000000001000 10 7 8 7 8 8
0000000100000000000000003012003020010100000011001001000030000010010200000010010003210000000000001000 8 3 9 4 8 5
0000000100000000000000003020000020013000000010001001300000000000002000000010000000113010000002001000 7 3 8 3 8 5
0000000100000000000000003002000020013000000010011001000000000000002000300010000000113010000012001000 4 10 6 10 6 5
0000000100000000000000003020003020013100000010001001000000000010003002000010000000210000000000001000 7 7 7 8 6 8
0000003000000000000000000020003000000003000000001000000000002000000002000300000100000000000002000000 1 7 4 4 9 4
0000003000000000030000000020003002000010000000001000000000000000000102000300000100000000000002000000 4 10 4 9 1 6
0000003000000000030000100020000032000010000000001010000000000000000102000300000100020000000000000000 4 4 3 5 6 8
0000000000000001030000103020000030000010002000001010000000000000000102000301000100020000000000000000 7 3 8 3 4 7
0000000000000001030000100002000030000010002000001010000000000001000132000301000100020010000000000000 10 7 9 8 7 10
0000000000000001030000100002000030000110002000001010000000000001000130000001002100320010000000001000 3 5 2 4 2 8
0000000000000001030000100102000230000110000000001010000000300001000100010001002100320010000000001000 8 3 7 4 5 6
0000000000000001000000100113000230002110000000001010001000300001000100010001002100320010000000001000 7 4 4 4 8 8
0000000000000001000000100113000232000110000000001010001003000001000110010001012100320010000000001000 9 8 10 7 9 6
0000000100000000000000003002000020013000000011011001000000000000002000300010000000111310000010021000 7 7 7 8 6 8
0000000100000000000000003002000020010000000011011001000000000010003000300011200000111310000010021000 6 10 5 10 6 10
0000000100000000000000003002000020010000010311011001000000000010003000000011200000111310000010211000 7 8 8 7 7 8
0000000100000000000000000020003013003000000200001001000000000000000002000310000000000000000002001000 10 7 9 6 6 6
0000000100000000000000000020003013003000000200001001000100200000000000000010000000003000000002101000 4 10 3 9 5 7
0000000100000000000000000020003013003000000200001001000100200000100000000010000000210003000000101000 9 6 8 7 8 4
0000000100000000000000000020000013003100100200001001000100000000100200300010000000210003000000101000 3 9 2 8 2 9
0000000100000000000000000020000013003100100200001001300100000000100200021010000001010003000000101000 2 8 3 7 2 7
0000000100000300000000000020000010003100100200001001300101000120100200001010000001010003000000101000 4 5 4 3 5 2
0000003000000000000000000020003000000003000000001001000000002000000002000300000000000000000002000000 1 7 4 7 5 8
0000003000000000000000000120003000030000000000001001000000000002000002000310000000000000000002000000 10 7 7 7 7 5
0000003000000000000000000120003000000300000000101001000000000002002000000310010000000000000002000000 4 7 4 3 8 7
0000003000000000000000020120000030000300000000101001000000000000002100000310010000100000000002000000 7 7 6 7 8 5
0000003000000000000000020120000030000300000000111001000000000000020100000010010000103000000002100000 7 3 8 3 6 1
0000010000001000030000020102000030000300000000111001000000000000020100000010010000103000000002100000 6 7 7 8 6 9
0000010000001000030000020102000030000300000000111001000000000000000100000010210000130100000012100000 4 10 6 8 1 3
0000010000001000030010020102000030300000000000111001000000000000100100000012210000130100000010100000 7 8 4 5 6 5
0000010000001000030010020102000030000000000201111001103000000000100100000012010000130100000010100000 6 8 6 7 6 6
0000010000001000030010020102000030000000000201111001103100000000120100000010010000113100000010100000 6 7 7 8 6 8
0000010000001000030010020102000030000000000201111001103100000000100100000111210000110100000010130000 7 8 8 9 7 10
0000010000001000030010020102000030000000000201111011100100000000100100003111010000110102000010131000 4 5 4 6 2 4
0000010000001000030010020102000130000000000001111011120100000013100100000111010000110102000010131000 8 9 9 9 7 9
0000110000001000030010320102000100000000000001111011120100000013100100000111010000110110200010131000 4 3 3 4 10 4
0000110000001000030011030102000120000001000001111011120100000013100100000111010000110110200010131000 3 4 3 3 4 4
0000110000001000010011230102300101000001000001111011120100000013100100000111010000110110200010131000 4 6 5 6 4 6
0000110000001000010011230102000101100031000001111011112100000013100100000111010000110110200010131000 3 3 4 2 3 3
0000110000001230010011100102000101100031010001111011112100000013100100000111010000110110200010131000 9 9 10 8 10 5
0000110000001230013011100102000101100011010001111111112100000013100100000111010200110110000010131000 5 6 3 4 5 6
0000110000001200013011113102000121100011010001111111111100000013100100000111010200110110000010131000 4 2 5 2 4 2
0000110000001120013011110102000121130111010001111111111100000013100100000111010200110110000010131000 5 2 5 3 6 2
0000110000001101013011112112000121100111010031111111111100000013100100000111010200110110000010131000 8 3 10 3 10 1
0000110001001101013011112110020121100111010031111111111100000010100100100111010203110110000010131000 10 3 8 3 9 3
0000110301001101010011112112110121100111010031111111111100000010100100100111010203110110000010131000 3 4 3 5 4 5
0000110001001101013111112112110101100111012131111111111100000010100100100111010203110110000010131000 5 3 6 4 7 4
0000111301001101010111110112110101121111012131111111111100000010100100100111010203110110000010131000 8 3 9 2 9 1
0003003000000100200000000000003000000000001000000000000000002000000002000003000000000000000002000000 1 7 2 6 1 5
0003003000000100200000000000000000000000111000000002000000000003000002000003000000000000000002000000 10 7 8 7 8 2
0000003000000100210000000000000000000000111000000002100000300003000200000003000000000000000002000000 7 2 6 2 4 4
0000000000000102010000010030000001000000111000000002100000300003000200000003000000000000000002000000 4 10 5 9 7 9
0003000000000102010000010030000001000000111000000002100000100003000200000003000000002010000000000000 2 6 3 7 3 8
0003000000000102010000010030000001000000111000000000100001100023000200001000000300002010000000000000 6 2 7 2 5 2
0003000000000110210000010030000001000000111100000000100001100020000200001000000300002010000003000000 8 7 9 8 6 5
0003000000000110210000010030000001000010111101000000100001100020000000001000002300032010000000000000 7 2 8 3 6 1
0003010000000110010300010032000001000010111101000000100001100020100000001000002000032010000000000000 8 3 9 3 10 3
0003010000000110010300010030210001000010111101000000110001100020100000001000002000002010000003000000 9 3 7 5 9 3
0003010003000110010000010030110001001010111101200000110001100020100000001000002000002010000003000000 3 7 2 8 2 10
0003010003000110010000010030110001001010111101200000110001100000100000021000002000002010000100010030 9 8 9 9 8 9
0003010003000110010000010030110001001010111101200000110001100000100000021000000000002011230100010010 9 9 10 8 9 8
0003010003000110010000010030110001001010111101200000110101100000100000021000001200002011300100010010 5 9 5 8 8 8
0003010003000110010000010000110001131010111101200000110101100000100000021020011200000011300100010010 7 5 8 4 7 5
0003010000000110010000010013110001131210111101100000110101100000100000021020011200000011300100010010 5 8 7 10 8 10
0003010000000110010000010013110001131210111101100000110101100000100000021000011200000011130100012110 7 10 4 7 5 6
0000010000100110010003010013110001131210111101100000111101100002100000021000011200000011130100010110 2 8 1 7 1 6
0000010003100110010003010011110001131210111101100010111101102002100000001000011200000011130100010110 1 7 1 8 1 7
0000110003100113010003010011110001101210111101100010111101101002100000201000011200000011130100010110 1 8 1 9 1 8
1000110003130113010000010011110001101210111101100010111101101002100000101000011220000011130100010110 1 9 1 10 1 9
1010110003103113010000010011110001101210111101100010111101101002100000101000011210000011132100010110 1 10 2 9 1 10
1010110003100113010013010011110001101210111101100010111101101002100000101000011212000011131100010110 2 9 2 8 2 7
1010110003100110110013010311110001101210111101100010111101101102100000121000011210000011131100010110 2 8 2 9 2 8
1010110003100110110013011011110001131210111101100010111101101102100000111000011212000011131100010110 2 9 3 9 2 9
1010111030100110110013011011110001131210111101100010111101101102100000111000011211200011131100010110 3 9 3 10 3 9
0000000000000000030000101020000033000010002000001010000000000000000102000301000100020000000000000000 10 7 9 6 6 6
0000000000100000030000101020000003000010002000001010000100200000000100000301000100020003000000000000 3 5 3 4 4 3
0000000000100000030000111020000020003010000000001010000100200000000100000301000101020003000000000000 7 3 7 2 6 3
0000000000100000230000111100000020001010000000001010000100200003000100000301000101020003000000000000 3 4 4 5 2 5
0000000000100000230000111100000000001010010200001010130100200000000100000301000101020003000000000000 4 5 3 5 4 5
0000000000100000230000111100000000031010012100001010100100200000000110000301000101020003000000000000 9 6 7 6 5 4
0000000000100000230000111130010000101010012100001010100120000000000110000301000101020003000000000000 7 2 6 2 7 1
0000001000100002030000111100010000101010012100001010100120000030001110000301000101020003000000000000 7 6 8 5 8 3
0000001000100002030000111101010000101010012100021010100100000030001110000031000101021003000000000000 3 5 2 6 2 8
0000001000100002030000111101010000101010010100121012100130000030001110010001000101021003000000000000 6 2 7 3 7 2
0000001000100000130000111121010000111010010100121012130130000000001110010001000101021003000000000000 2 6 3 5 1 3
0000001000100000130010111121010000111010012100121010110130000030001110010001000101021003000000000000 3 5 2 6 2 7
0000001000100000130010111121010000111010010100121012110130000110001110010001000101021003000030000000 8 5 10 7 10 4
0000001000100000130010111121010000111011010100101012110130000110001112010001001101021000000030003000 10 7 8 5 8 6
0000001000100000130010111121010000111011010100121012110111000110001110010031001101021000000030003000 8 5 8 4 10 2
0000001000100000130110111121010000111211010100101012110111000110001110010131001101021000000300003000 8 4 9 3 9 1
0000001010100000113110111121210000111011010100101012110111000110001110010131001101021000000300003000 4 9 3 8 5 6
0000001010100000113110111121210000111011010100101012111111000110001110012131001101011000000303000000 2 6 1 7 1 9
0000001010100000113110111121210000111011010100101010111111002113011110012101001111011000000303000000 3 8 3 9 3 10
0000001010100000113110111121210000111011010100101010111111002111011110013101001111211000000313000000 7 3 5 1 1 1
1000201010100000113110111101210000111011010100101010111111002111011110013101001111211000003113000000 1 7 2 6 1 5
1000201010100000113110111101210000111011110100101012111111000111011110013101001111211000003111000030 2 6 1 7 1 8
1000201010100000113110111101210000111011110100101010111111002111011110113101101111211003003111000000 1 7 2 6 1 7
1000201010100000113110111101210000111011110100101012111111001111011110113101101111211001033111000000 2 6 3 5 2 4
1000201010100000113110111101210100111011112100101010111111001111011110113101101111211001103111000003 3 5 2 6 3 5
1000201010100000113110111101210100111011111100101012111111001111011110113101101111211001103111103000 5 1 4 1 3 1
1012001010100000113110111101210100111011111100101012111111001111011110113101101111211031103111101000 4 1 3 2 2 1
0000003000000000000000000020003000000003000000001000000000002000000002000300000000100000000002000000 4 10 6 8 1 3
0000003000000000000000000020003000000003000000001000000000002000000002000000000000030000000012000000 4 10 6 8 5 9
0000003000000000000000000020003000000003000000001000000000002000000002000000000000030000000002100000 4 10 6 8 1 3
0000003000000000000000000020003000000003000000001000000000002000000002000300001000000000000002000000 1 7 4 4 9 4
0000003000000000000000000020003000000003000000001000000000002100000002000000000000030000000002000000 1 7 4 4 9 4
0000003000000000000000000020003000000003000000001000000000002003000012000000000000000000000002000000 1 7 4 4 9 4
0003003000000000000000000020000000000003000000001000000000002000000002000000001000000000000002003000 1 7 4 4 8 4
0000003000000000000000000020003000000003000000001000000000002003001002000000000000000000000002000000 1 7 3 5 3 8
0003000000000000000000000020003000000003000000001003000000002100000002000000000000000000000002000000 1 7 3 9 9 3
0000003000000000000000000020003000000003000000001000000000002000000002010300000000000000000002000000 1 7 4 4 9 4
0000003000000000000000000020003000000003000000001000000000002103000002000000000000000000000002000000 1 7 3 5 1 5
0003003000000000000000000020000000000003000000001000000000002003000002000000000000010000000002000000 4 10 6 8 6 2
0003003000000000000000000020000000000003000000001000000000002000000002000030001000000000000002000000 1 7 4 4 9 4
0003000000000000000000000020003003000003000000001000000000002000000002000000000000010000000002000000 1 7 3 5 2 5
0003003000000000000000000020000000000003000000001000000000002000000002000000000000010300000002000000 1 7 4 4 9 4
0003000000000000000000000020003000000003000000001003000000002000000002000000000000001000000002000000 4 10 4 4 9 4
0000003000000000000000000020003000000003000000001000000000002000000002000000000000031000000002000000 1 7 4 4 8 4
0000003000000000000000000020003000000003000000001000000000002000000002000000000000130000000002000000 4 10 6 8 1 3
0000003000000000000000000020003000000003000000001000030000002000000002010000000000000000000002000000 1 7 4 4 9 4
0003003000000000000000000020000000000003000000001000000000002103000002000000000000000000000002000000 1 7 3 5 3 8
0003003000000000000000000020000000000003000000001000000000002003000012000000000000000000000002000000 1 7 1 4 9 4
0003003000000000000000000020003000030000000000001000000000002000000012000000000000000000000002000000 4 10 4 7 6 5
0003003000000000000000000020003000300000000000001000000000002000000002000000001000000000000002000000 10 7 6 7 6 5
0000003000000001200000000000003000000003000000000001030000002000000002000000000000000000000002000000 4 10 6 8 9 5
0000003000000001200000000000003000000003000000000000000000002000000002000000000000031000000002000000 4 10 2 8 2 4
0000003000000001200000000000003000000003000000000000000000002100000002000000000000030000000002000000 1 7 3 5 9 5
0000003000000001200000000000003000000003000000000001000000002000000002000300000000000000000002000000 1 7 5 7 1 3
0003003000000001200000000000003000000000000000000000000000002000000002000003000100000000000002000000 10 7 8 7 8 2
0003003000000001200000000000000000000003000000000000000000002000000002000030001000000000000002000000 1 7 3 5 9 5
0000003000000001200000000000003000000003000000000000000000002000000002000000000000030000000012000000 4 10 9 5 9 4
0000003000000001200000000000003000000003000000000000030000002000000002010000000000000000000002000000 1 7 3 5 9 5
0003003000000001200000000000000000000003000000000000000000002000000002010030000000000000000002000000 1 7 3 5 9 5