0002002000000100300000000000002000001000000000000000000000000000003003000000000000012000000003000000 4 1 3 2 3 9
0002002000000100300000000000002000000002000000000000000000003000000003000000000000000000000003000000 10 4 5 9 4 9
0002002000000110300000000000002000000000000000000000000000000000300003000000000000012000000003000000 4 1 3 2 3 9
0000002000002110300000010000002000000000000000000000030000000000000003000000000000112000000003000000 1 4 7 4 7 10
0000002000002110300000110000000000002000000000000000030000000000003000000000000000112000000003001000 7 1 2 6 3 5
0000000000002110000000110003000000002000001000010002030000000000003000000000000000112000000003001000 5 9 9 9 5 9
0000000000102110000000110003000000002000001000010002030000000000003000000000000000111000203000001000 2 6 2 9 1 9
0000000000102110000000110003000000002000001000010000000000000000003000030000001012111000203000001000 3 2 2 3 2 7
0000000000100110000002110003000000002000001000010000000000000100003000030000001012111000200100031000 9 9 7 9 6 9
0000000000100110000002110003000000002000001000010000000000000100003000001000301012111120000100031000 7 4 6 4 6 7
0000000000100110000002110003000000120000001030010000000000000100010000001000301012111120000100031000 6 4 7 3 7 2
0000000000100110100002110023000000100000001030010000000000000100010000001001031012111120000100031000 7 9 7 7 7 9
0000000000100110100002110023000010100000001000010000003000000100012000001001031012111110000100031000 2 3 2 6 3 6
0000000000100110100000110023000010100000001030010002100000000110012000001001031012111110000100031000 2 9 3 10 5 10
0001000003100110100000110020000010100000001030010002100000000110012000001001031010111110000120131000 7 7 9 7 9 2
0001000000100110101000110020000010101003001030010002100000000110010020001001031010111110000120131000 9 7 8 6 6 4
0012002000000300000000000000002000000002000000000000000000003000000003000000000000000000000000003000 7 1 7 8 9 6
0012000000000300000000000000002000000002010000000000000000103000000003000030200000000000000000000000 4 1 6 3 6 7
0010000000000000000000000200002100030002010000000000000000103000010003000030200000000000000000000000 1 4 1 6 5 6
0010000000000000000000000200000100030002010000000023001000100100010003000030200000000000000000000000 1 6 1 9 5 9
0010000000000010000000003200000100030002010000000000001000100100010003000030200020001000000000000000 1 9 4 6 4 2
0010000000000110000000003200000100030002010000000000121000100100010003000000200000001000000030000000 7 8 9 8 9 7
0010000000000300000000000201002000000002010000000000000000103000010300000030200000000000000000000000 6 3 2 7 2 6
0010000000000300000000000001002010000002010000000001000000100200010300000030200000300000000000000000 1 4 1 3 5 7
0010000000000300000020000001000010000002010000000001000000100200110300031030200000000000000000000000 1 3 4 3 5 2
0010000000000310000000020031000010000002010000000001000000100200110300011030200000000000000000000000 4 3 3 3 3 2
0002002000000000000000000030002000000002000000001000000000003000000003000000000000000000000003000000 4 1 4 8 2 6
0000002100000000000000000030002000002000000300001001000000000000000003000210000000000000000003001000 7 1 5 3 3 5
0000000100000000000000002030002000002000001300011001000000000000000300000210000000000000000003001000 1 4 3 4 4 4
0000000100000000000000002030000021002000001300011001000000000000000300001210000000300000000000001000 5 3 9 7 9 6
0002002000000300100000000000002000000002000000000000000000003000000003000000000000000000000000003000 1 4 5 8 8 5
0002002000000301100000000000000000000002000000010000000000033000000000000020000000000000000000003000 7 1 9 3 5 3
0012000000000301100000001000200000000002000000010000000000030030000000000020000000000000000000003000 4 1 2 3 2 7
0010000000000301100002001000200000000302000000011000000000000130000000000020000000000000000000003000 10 4 10 8 6 4
0010000000000001100002031000200000010300000000011000000000000130000000000020000200010000000000003000 8 3 9 3 8 3
0010000000000001100002031001200000010300000000011000000000000130000010000020003200010000000000000000 10 8 9 9 4 4
0010000000000001100002031001200001013000000000011000000000000130000010000020003000010010200000000000 4 8 5 8 7 5
0010000000000001100002031001200001013000000100111000000000000130000010000020300000010010200000000000 9 9 8 8 8 9
0002002000000000000000000000002003001002000000000000000000003000000003000000000000000000000000003000 10 4 7 7 2 7
0002002000000000000000000000002003001000010000030000000000003100002000000000000000000000000000003000 7 1 7 3 2 8
0002100000000000000000000020002003001000310000030000000000000100002000010000000000000000000000003000 1 4 3 4 3 3
0002100000300010000000100020000023001000010000030000000000000100002000010000000000000000000000003000 4 1 2 3 1 3
0000100000300010000012100020000123001000010000030000000000000100002000010000000000000030000000000000 2 3 3 2 2 1
0100100000302010000010100020000123001000010000030000000000000100002000010000000000003000100000000000 3 4 3 9 3 4
0100100000032010000011100020000113001000010000030000000000000100002000010000000000203000100000000000 3 2 8 7 3 2
0130100000001010000011100020000113001000010000130000000000000100002200010000000000203000100000000000 7 3 5 3 4 2
0130100000001110000011102100000113001000010000130000000000000100002200010003000000200000100000000000 7 7 10 4 7 7
0000002000000000000000000130002000020000000000101001000000000003003000000210000000000000000003000000 6 4 6 9 6 10
0000002000000000000000000130002000000000000000101001000000000003000000000210300000000210000003010000 6 9 6 7 6 8
0000002000000000000000030130002000000000000000101001000000000000020100000211300000000010000003010000 1 4 3 4 3 9
0000002000100000000000030130000020000000000000101001000000000000020100000211300000100010003000010000 4 8 3 8 1 8
0000002000100000030000030100000020000000000000111001000000000000020100102011300000100010003000010000 6 7 6 6 10 10
0000002000100000030000030100000020000000000000111001000210000000003100102011000000100010003000010001 3 8 2 9 2 10
0000002000100000030000030100000020000000000010111001000210000000003100100011000032100010000100010001 2 9 3 8 2 8
0000002000100000010000030103000020000000000010111001000210000000003100112011000030100010000100010001 3 4 8 9 8 8
0000002000100000010000000103000030000000000010111001001210000000003100112011010030100012000100010001 6 6 6 4 6 7
0000002000100000010000000103000030020000000010111001001010000000013100112011010013100012000100010001 3 8 4 7 3 8
0000002000100000010000000103000030020000000010111001001010000002013100111011010010110012000130010001 8 9 9 10 7 8
0000002000100000010000000103000030020000000010111001001010000002013100111011110010110010000103110021 9 10 9 7 8 6
0000002000100000010000000103000030020000000010111001001011000012013120111011110010113010000100110001 4 7 2 5 2 1
0101002000100000010000000103000030020000020010111001001011000010013120111311110010110010000100110001 9 7 10 7 10 4
0101002000100000010000301103000000020001020010111001001011000010013102111311110010110010000100110001 6 4 4 4 4 7
0101002000100000010000301103000002010001020010111001001311000011010102111311110010110010000100110001 7 1 7 4 6 5
0101000000100000010000301103000002012001021011111001001011000011310102111311110010110010000100110001 4 4 4 3 4 6
0101000000100000010000321103000000012001021011111001011011000011310102111111110010113010000100110001 10 7 7 10 6 9
0101000000130010010000021103000000012001021011111001011011000011310100111111110010113110000100112001 7 10 10 7 10 5
0101000000101010010000321103000000012001021011111101011011000011310102111111110010113110000100110001 7 4 7 2 7 4
0101000000101010210000121103000300011001021011111101011011000011310102111111110010113110000100110001 2 5 1 4 2 3
0101000000101010210001121103002030011001011011111101011011000011310102111111110010113110000100110001 1 4 1 5 2 4
0101000000101010210001121103000113011001211011111101011011000011310102111111110010113110000100110001 1 5 1 6 2 7
0101000000101010210001121103000111311001011011111121011011000111310102111111110010113110000100110001 4 3 4 2 5 1
0101100000101210210001101103000111311001011011111121011011000111310102111111110010111110000103110001 7 2 8 1 7 2
0101100210101210113001101100000111311001011011111121011011000111310102111111110010111110000103110001 10 7 10 9 9 10
0101100210101210111001101100300111311001011011111121011011000111310100111111110010111110020103110011 8 1 6 1 6 2
0101120010101211111001131100300111111001011011111121011011000111310100111111110010111110020103110011 6 1 7 1 8 1
0101102110101211111001131100300111111001011011111121011011000111310100111111110010111110020131110011 7 1 6 1 7 1
0101121110101211111001131100300111111001011011111121011011000111310100111111110013111110021101110011 4 2 3 1 4 2
0121121110101111111001131100300111111001011011111121011011000111310100111111110011111110021131110011 3 1 2 2 1 1
1101121110121111111001131100300111111001011011111121011311000111110100111111110011111110021131110011 1 6 1 5 1 3
1101121110121111111011131100300111111001211011111101011111000111113100111111110011111110021131110011 2 2 3 1 2 2
1121121110111111111011131113000111111001211011111101011111000111113100111111110011111110021131110011 1 5 1 6 1 4
0000002000000000000000000030002000000002000000001001000000000000300003000210000000000000000003000000 10 4 6 4 6 8
0000002000000000000000000030002000020000000000001001000000000000300003000211000000301000000000000000 6 4 9 7 6 4
0000002000000000000001000030002300010000000000001001000000000000000023000211000000301000000000000000 4 8 4 3 9 8
0000002000000000000001320030002000010000000000001001000000000000000023000011011000301000000000000000 7 1 8 2 2 2
0000000000010000020001320003002000010000000000001001000000000000000123000011011000301000000000000000 1 4 1 8 4 8
0000000000010000020001320003000010010000000000001001000000000000000123203111011000001000000000000000 9 7 7 5 10 8
0000000000010000020001320003000010010000000000231001000010000000000100203111011100001000000000000000 1 8 2 8 5 5
0000000000011300020001020003000010010000000010231001000010000000000100023111011100001000000000000000 8 2 9 2 9 4
0000000000011300002001020000000010010010000010231001000010000003001100023111011100001000000000000000 2 8 4 10 4 9
0000000000011300002001020000000010010010000010231001000010000000031100003111011100011000000002000010 4 10 7 10 7 8
0000000000011300102001020000000010010010000310231001000010000000001100003111111100011000000000002010 7 10 4 10 2 8
0000000000011300102001020000000010010010000310231001000010000000001100011111111100011000000032000010 9 2 4 7 1 4
0000000000011300100001020010001010010310000310201001000010000002001100011111111100011000000032000010 4 7 3 6 5 6
0000001000011300100001020010001010010310003010201001201010000000001100011111111100011000000032000010 7 5 7 4 4 1
0001001000011130100001020010001010012310003010001001201010000000001100011111111100011000000032000010 4 3 3 3 1 5
0001001000011130100001200010301010012010103010101001201010000000001100011111111100011000000032000010 7 4 8 5 8 2
0001001000011100110001200310301010010010103110121001201010000000001100011111111100011000000032000010 3 3 5 3 5 2
0001001000011110110001002311031010010010103110121001201010000000001100011111111100011000000032000010 8 5 9 6 10 6
0001001000011110110001002011031010013010103110111001201010210000001100011111111100011000000032000010 3 6 2 5 2 4
0001001000011110110001002011031110013010120110111001301010210100001100011111111100011000000032000010 5 3 5 4 6 3
0001001000011111110001000111031110213010123110111001001010210100001100011111111100011000000032000010 5 4 6 5 4 3
0001001000011111110001010111031110013010120112111001131010210100001100011111111100011000000032000010 9 6 10 5 10 4
0001001000011111110001010111031110013011120112111201131010010100001100011111111100311000000012000010 2 5 1 6 1 10
0001001000011111110001010111031110013011100112111221131010010100001100011111111103111000001012000010 1 6 1 8 1 9
0001001000011111110001011111031110013011103112111201101010010100001100211111111113111000001012000010 1 8 1 6 1 8
0001001000011111110001011111031110013011101112111221131010010100001100111111111113111000001012000010 4 10 8 10 4 10
0001001000011111110001011111031110013011101112111221101110010100301100111111111113111000001011000210 6 5 5 4 6 5
0002002000000000000000000030002000000002000000001000000000003000000003000000000000000000000003000000 4 1 4 8 2 6
0000002000000000000000000030002000000002000000001001000000000003000003000210000000000000000003000000 10 4 7 4 7 10
0000002100000000000000000030002000002000000300001001000000000000000003000210000000000000000003001000 7 1 5 3 5 5
0000000100000000000000002030002030012000000010001001000000000000000003000210000000000000000003001000 4 8 5 9 4 9
0000000100000000000000002030002030012100000010001001000000000000000003000010000000312000000000001000 5 9 7 7 3 7
0000000100000000000000002030002030012100000010001001000000000010002300000010010000310000000000001000 7 4 8 3 8 2
0000000100000000110000002002002030010100000010001001000030000010002300000010010000310000000000001000 8 3 10 3 8 5
0000000100000000110000032000022000010100000010011011000030000010002300000010010000310000000000001000 10 3 10 7 9 6
0000000100000000110000032100002000013100000010011011000000100010002302000010010000310000000000001000 10 7 10 3 8 3
0000000100000000110000032101022000010100000010011011100030100010002300000010010000310000000000001000 10 3 10 7 9 7
0000000100000000110000032101002000010100000010011011100030100010002012000010013100310000000000001000 1 4 2 3 8 9
0000000100000000110002032101000000010100000010011011100030100010302012000011013100010001000000001000 5 3 4 4 4 8
0000000100000000110002030101000002010100000110011011100030100010032012000111013100010001000000001000 7 7 7 8 8 7
0000000100000000110002030101000002013100000110011011100000100010031112000111213100010001000000001000 2 3 3 2 3 3
0000000100002000110000130101000002010100000110011011100000100010031112000111213100010001003000011000 7 8 5 10 2 10
0000000100002000110000130101000002010100000110011011100000103010031112000111013100010001000101211000 4 4 3 5 3 4
0000000100002000110000130101000010010100002110011011113000103010001112000111013100010001000101211000 5 10 7 8 5 10
0000000100002000110000130101000010010100002113011011110000103010011112000111213100010001000101111000 3 5 6 2 4 2
1000030100002102110000100101000010010100000113011011110000103010011112000111213100010001000101111000 6 2 7 3 5 1
1000110100002103110000100121000010010100000113011011110000103010011112000111213100010001000101111000 3 2 4 3 5 3
1000110100000103110000121121000010011100000110011011110030103010011112000111213100010001000101111000 4 3 3 2 6 5
1000110100002131110000101121000010011100000111011011110030103010011112000111213100010001000101111000 3 2 2 1 4 3
1203110100000101110000111121001010011100000111011011110030103010011112000111213100010001000101111000 2 1 3 2 3 1
1013110100002101110000111121001010011100000111011011110030103010011112000111211100010001000101111030 7 8 7 9 8 10
1013110100002101110000111121001010011100000111011011110030103010011112000111011100010021030101111101 7 9 6 9 7 8
1013110100002101110000111121001010011100000111011011110030103010011112000111111100010201300101111111 6 9 5 9 7 9
1013110100002101110000111121001010011100000111011011110030103010011112000111111100012011130101111111 5 9 6 9 5 9
1013110100002101110000111121001010011100000111011011110030100110011112300111111100011211130101111111 10 7 10 3 10 2
1013110100002101110100111121021010011100000111011011113000100110011110301111111100011211130101111111 10 3 10 5 10 4
1013110100002101110100111121001010011101000111011211110013100110011110301111111100011211130101111111 10 5 9 4 9 1
1013110110002101110100111121001010011121000111311011110011100110011110301111111100011211130101111111 9 4 9 3 10 3
1013110110002101110100111121211010011101000111111011110311100110011110301111111100011211130101111111 9 3 9 2 10 1
0002002000000000010000000000002003001000000000030000000000003100002000000000000000000000000000003000 1 4 5 8 2 8
0002002000000000010000000000000003001000000000030000000000000100002000010020000030000000100000003000 4 1 4 3 3 3
0000002000000000010000120000000003001000000000030000000000000100002000010020300130000000100000000000 7 7 8 6 8 9
0000002000000000010000120000000031001000000000030000000002000100000000010020300130000001100000000000 7 1 7 2 4 5
0000000000000000210000120001000031001300000100000000000002000100000000010020300130000001100000000000 4 3 2 1 4 3
0200000000000000210003110001000001001300000100000001000002000100000000010020300130000001100000000000 2 1 2 2 3 2
0000000000021000210003110001000001001300000100000001000002000101000000010020300100030001100000000000 2 2 1 3 2 4
0300000100001000210020110001000101001300000100000001000002000101000000010020300100030001100000000000 7 2 6 2 6 7
0300000100001002010020110001000101001300000100000001000002000101011300010020000100030001100000000000 8 6 7 5 3 1
0010000100001002010023110001001101001300000100200001000000000101011300010020000100030001100000000000 7 5 3 9 3 4
0010000100001002010023110031001111001000000100001001000000000101011300010020000100230001100000000000 5 8 5 7 5 10
0010000100001002010023110031001111001000000100001001000000000101211300013001000100200001100000100000 5 7 8 4 5 7
0010000100001002010023113001001111001200000100101001000000000101111300013001000100200001100000100000 8 4 8 5 9 6
0010000100001002010023110031001111001000000100121001010000100101111300013001000100200001100000100000 1 3 1 2 2 2
0010000100211002110003110301001111001000000100121001010000100101111300013001000100200001100000100000 8 5 8 6 9 7
0010000100211002110003110301001111001000000100101001010002100101111310010001000100231001100000100000 3 9 3 8 3 9
0010000100211002110003110301001111001000000100101001010002100101111310012011000100101001100030100000 3 8 2 9 1 9
0010000100211002110003110301001111001000000100101001010002100101111310011011000112131001100000100000 2 9 1 8 3 10
0010000100211002110003110301001111001000000100101001010002100101111310211311000110101001100011100000 1 8 1 5 3 5
0010100100211002110003113001001111001000201100101001010002100101111310011311000110101001100011100000 6 2 6 3 6 1
0010110100211010110003110201001111301000201100101001010002100101111310011311000110101001100011100000 6 3 6 4 5 5
0010110100211010110003110001001111021010201110101001010032100101111310011311000110101001100011100000 8 6 8 4 8 6
0010110100211010110003111001001111321210201110101001010001100101111310011311000110101001100011100000 6 4 6 5 6 3
0010110100211010110003111101001111131210201112101001010001100101111310011311000110101001100011100000 6 5 7 6 6 5
0010110100211010110003111101001111131210201111101001010021100131111310011111000110101001100011100000 1 5 2 5 3 6
0010110100211010110003111101001111131210021111101001110021100131111110011111003110101001100011100000 8 4 10 2 10 7
0010110100211010110203111131001111101110021111101001110021100131111111011111003110101001100011100000 1 2 1 3 1 2
0010111100111013110223111101001111101110021111101001110021100131111111011111003110101001100011100000 2 5 1 5 2 5
0010111100111011110223111131001111101110211111101001110021100131111111011111003110101001100011100000 1 5 1 8 1 5
0010111100111011110223111111001111131110111111101001110021100131111111211111003110101001100011100000 1 8 1 7 1 6
0002002000000300100000000000000000000002000000010100000000303000000000000020000000000000000000003000 10 4 8 6 9 5
0002002000001300100000000000000000000000000000011100000002003000000300000020000000000000000000003000 7 1 3 5 7 9
0002000000001301100000000000000000000000002000011100000002003000000300000020000000000310000000000000 5 8 3 8 6 5
0002000000001301100000000000000100000000002001011100000002000000000300032000000000000310000000000000 4 1 5 2 5 5
0000000000001321100000000000000100000000002011011100300002000000000300032010000000000010000000000000 8 6 7 7 7 3
0000000000001321100000000010000100000000002011011100300000000000002300002010000001300010000000000000 7 7 8 8 6 6
0000000000001321100000000110000100300000002011011100000100000000000300002010020001300010000000000000 3 5 3 4 3 3
0030010000001021100000100110000120300000000011011100000100000000000300002010020001300010000000000000 3 4 7 8 7 4
0030010000001021100000100110000100001000000011011100000100000300001300002010220001300010000000000000 5 2 5 3 8 6
0030010000001001100000102110000100001000000011011100301101000000001300002010220001300010000000000000 5 3 7 5 4 2
0030010000001101100000100110000100001000000011211100301101000000001000002010223001300010100000000000 7 8 5 10 8 7
0030010000001101100000100110000100001000000011211100001101000130001100002010023001300010100000200000 3 8 4 7 4 8
0030010000001101100000100110000100001000003011211100101101000102001100000110023001300010100000200000 7 5 5 3 5 4
0030010000001101100000102110000100101000003011011100101101000132001100000110023001000010100010200000 5 10 3 8 5 10
0030010000001101100000102110000100101000003011011100101101000112001100032110023001000010100010100000 4 7 4 5 1 2
0030010000101101100000102110000100101000003211011100101101000110001100012110023001300010100010100000 4 5 3 4 4 4
0030010000101101100000102110000121101000003011011100101101000110001100012110023001100310100010100000 3 4 2 5 2 6
0030010000101101100000102110000101101000023011011101101101000111031100012110023001100010100010100000 5 3 7 5 7 6
0000010000101101100030100110000101101000023011211101101111001111031100012110023001100010100010100000 3 8 4 9 4 10
0000010000101101100030100110000101101000023011211101101111001111001100010110023001121310100011100000 2 5 3 4 4 5
0000010000101101100030100110000121101000031111211101101111001111001100010110023001121310100011100000 3 4 2 3 3 4
0030010000111101100002100110000111101000031111211101101111001111001100010110023001121310100011100000 7 5 5 3 5 1
0030110000111101100002102110000111101000031111011101101111001111001100010110323001121011100011100000 8 8 9 7 9 6
0030110000111101100012102110003111101000001111011101101111101111001120010110303001121011100011100000 9 7 10 8 9 7
0030110000111101100012102110003111101000001111011101101111101111001110010110300201121011130011100001 10 8 9 8 10 8
0003110000111111100012102110003111101000001111011101101111101111001110010110302101121011130011100001 9 8 8 8 9 8
0003110000111111100012102110001111101000301111011101101111101111001110010110321101121011130011100001 5 3 7 5 9 3
0003110000111111100012100110101111101000101111211131101111101111001110010110321101121011130011100001 4 9 3 8 4 9
0003110000111111100012100110101111101000131111211111101111101111001110012110321101111011130011100001 7 5 5 3 4 3
1030110000111111100012112110101111101000131111011111101111101111001110012110321101111011130011100001 5 3 7 5 5 3
1301110000111111100012111110101111101000131111211111101111101111001110012110321101111011130011100001 7 5 8 4 8 3
0012002000000300000000000000002000000002000000000000000000003000000003000000000000000000000000003000 7 1 7 8 9 6
0012000000000300000000000000002000000002010000000000000000103000000003000030200000000000000000000000 4 1 6 3 6 7
0010000000000303000000000200002000000002010000000000000000101000010003000030200000000000000000000000 1 4 4 4 4 9
0010000000000300000000000200000002000302010000000000000000101000010003000030210000010000000000000000 4 4 4 8 7 5
0010000000000300000000010200000000000302010000100000000000101003010003000200210000010000000000000000 4 8 3 7 3 2
0010000000001000000000310200000000000302010000100000100000101023010003000000210000010000000000000000 6 3 5 4 9 8
0010000000001000000000310000000000200302010000100000100000101020010003003001211000010000000000000000 3 7 2 8 7 3
0010000000001000000000010010000003200302010000100001100000101000010003023001211000010000000000000000 2 8 4 6 4 8
0010000000001000000000010010000003200302010000100001120000101000010000003101211000010000000000100003 7 8 9 10 9 9
0010000000001000000000010010000003200302010000100001120000111000010003003101011000010000100000100020 9 10 7 10 7 8
0010000000001000000000010010300003200002010000101001120000111000010003003101111000010000100000102000 10 4 7 4 4 7
0010000000001000000000010013000003202100010000101001120000111001010003003101111000010000100000102000 5 4 7 2 9 2
0010000000001000201000010013000003002100010001101001120000111001010300003101111000010000100000102000 7 4 8 5 8 6
0010000000001000201000010013000003000100010001121001120011111001013000003101111000010000100000102000 8 5 9 4 9 3
0010000000001000201000010013100003000120011031101001120011111001010000003101111000010000100000102000 7 2 4 2 8 2
0010000000001200011000310013100001000120011031101001120011111001010000003101111000010000100000102000 4 2 7 2 4 2
0010000000001100211000310013100001000120011031101001120011111001010000030101111000010000100100102000 7 2 6 3 7 2
0010000000001100111000310211100001003120011031101001120011111001010000030101111000010000100100102000 6 3 5 3 6 3
0010000000001100111000312111100001003120011011101001120011111001010000030101111000013000100100102000 7 10 6 9 5 8
0010000000001100111000312111100001003120011011101001120011111001010000030111111000010200100100130100 6 9 7 9 7 10
0010000000001100111000312111100001301120011011101001120011111001010000030111111000010020100100131100 7 9 5 9 7 9
0010000000001100111000312111100001101120011311101001120011111001010000030111111000012010100100131100 4 6 5 6 4 6
0010000000001100111000312111100001101120011311101001112011111001010000010111111000012010100103131100 5 9 6 9 5 9
3010000000001100111000112111100001101120011311101001112011111001010000010111111000011210100103131100 9 4 10 4 10 1
3010000001001100111000112111100001101102011311101001112011111001010000010111111001311210100100131100 5 3 6 2 5 2
0010000001001112111030110111100101101102011311101001112011111001010000010111111001311210100100131100 10 4 10 3 8 5
0010000001001112111030110111120101101100011311111001112011111001010000010111111001011210100131131100 6 2 5 1 4 1
0011200001101110111003110111120101101100011311111001112011111001010000010111111001011210100131131100 5 1 8 1 6 1
0011010201101110111003110111120101101100011311111001112011111011010000010111111001311210100101131100 10 3 10 4 10 5
0002002000000000000000000000002100003002000000000000000000003000000003000000000000000000000003000000 1 4 5 8 9 8
0002002000000003000000000000000100003002000000001000000000000000000003000020001000000000000003000000 4 1 4 3 8 7
0000002000000003000000020000000100003002000000001100000000000000000100000020001000000000000003000003 10 4 8 4 3 9
0000002000000003000000020000000100003200000000101100000300000000000100000020001000100000000003000000 7 1 5 1 5 6
0000210000000030000000020000000100003200000000101100001300000000000100000020001000100000000003000000 4 3 4 8 4 3
0000210000000030000000010000000100003200000000101100001300000000000100000220101000100000000000300000 5 1 3 3 5 5
0000010000000030000000210000000100003200000010101100001300000010000100003220101000100000000000000000 5 8 6 8 7 7
0000010000000030000000210000000100003200000010101100001000030010001100003202101000100010000000000000 6 8 6 3 7 2
0000010000000030100000210200000100003200000010111100001000030010001100000200101000130010000000000000 6 3 6 6 9 6
0000010000000030100000210000000100003200000010111100001200100010001100000200101000130010000000100003 8 4 8 3 8 4
0000010000000030100000210002000113000100000010111100001200100010001100000200101000130010000000100003 6 6 6 8 6 2
0002002000000001300000000000002000000002000000000000000000003000000003000000000000000000000003000000 4 1 4 9 5 9
0000002000000001300000000000102000000002000000000000000000003000000003000000000000321000000000000000 10 4 7 7 3 7
0000002000000001300000000000102003000000000000000000000000000011002003000000000000321000000000000000 7 1 8 1 8 9
0000000200000001310000000000102003000000000000000000000000000011002300000000000000321001000000000000 4 9 4 8 2 8
0000000200000001310000000000102003000000000000000010000000000011002300010200000000031001000000000000 1 4 3 4 6 7
0010000200000001310000000000100023000000000000000010000000000011012030010200000000031001000000000000 8 1 10 1 10 9
0010000002000001010000000000100023003000000000000010000010000011012030010200000000031001010000000000 10 1 8 3 4 3
0010000000000001010000010002100020003000000000000013000110000011012030010200000000031001010000000000 3 4 2 4 3 5
0010000000100001010000010002100200003000001000000010003110000011012030010200000000031001010000000000 4 8 3 8 10 8
0010000000100001010003110002100200003000001000000010000110000011012030012000000100031001010000000000 7 7 8 6 10 6
0010000000100001010003111302100200000000001000000010000112010011010030012000000100031001010000000000 3 8 3 10 3 9
0010000000100001010003111302100200000000001000000010000112010011010300010000000100131001010020100000 8 6 6 8 3 8
0010000000100001010003111302100200000000001010000010000110010011010300011032000100101001010020100000 6 8 7 8 6 9
0010000000100001010003111302100200000000001010000010000110010011010300011003200100101101010020100100 7 8 8 8 7 7
0010000000100001010003111302100200000100001010030010000110010011011000011003020100101101010020100100 3 10 5 8 5 7
0010000000100001010003111002100200000100001010030010000110010011111000311023020100101101010010100100 8 3 6 3 2 7
0010000000100001010003111200100200000100001010030010000110010111111000311021320100101101010010100100 6 3 8 3 7 4
0010000001100001010003111002130200001100001010000010000110010111111000311021320100101101010010100100 8 8 8 7 8 8
0010000001100001010003111002100200001130001010000010000110010111111200311021311100101101010010100100 8 7 8 5 8 7
0010000001100001010003111002100200001130001010020010000110013111111100011021311100101101011010100100 2 4 2 5 2 6
0010000001100001010000111002100130001130021010020011000110013111111100011021311100101101011010100100 2 5 1 4 4 1
0011000001100001110000111002102100001130001310020011000110013111111100011021311100101101011010100100 1 4 2 3 1 3
0011000001100001110012111302100100001130001010020011100110013111111100011021311100101101011010100100 8 3 9 2 8 3
0011000001100001112112111301100100001103001010020011100110013111111100011021311100101101011010100100 8 5 6 5 5 4
0011000001110031112112111001100100101103001012000011100110013111111100011021311100101101011010100100 6 5 8 5 9 5
0002002000000000300000000000002000000002000000000000100000003000000003000000000000000000000003000000 4 1 4 8 5 9
0000002000000000300010003000002000000002000000000000100000000000000003000200000000001000000003000000 1 4 5 4 9 8
0000002000000000300010003000000000200002000000001000100000000000003000000200001000001000000003000000 10 4 6 4 6 10
0000002000000000300010003000000000220000000010001000100000000000003000030200001000001000000000010000 5 4 4 3 5 2
0000002000000010000010023000000000020000000011301000100000000000003000030200001000001000000000010000 6 4 7 4 8 4
0000002000000010000010023000000000002100000011131000100000000000003000030200001000001000000000010000 4 3 4 6 8 6
0000012000000010000010003000000000002130000011101000120001000000003000030200001000001000000000010000 7 4 4 4 6 4
0000012000000010000010003000000002010130000011101000120101000000000000030203001000001000000000010000 4 8 5 8 3 8
0000012000000010010010003003000002010100000011101000120101000000000000031023001000001000000000010000 5 8 6 7 9 4
0000012000000010010010301003000002010110000011101000120101000000020000031003001000001000000000010000 6 7 7 8 8 8
0000012000000010010010301010030002010110000011101000120101000000000000031003211000001000000000010000 7 1 8 1 9 2
0000010200000010011010301010030002010110000011101000120101000000300000031100211000001000000000010000 7 8 6 9 10 5
0000010200000010011010301010030002010110000011101100120101000000100000031100011000001230000000010000 6 9 7 8 7 7
0000010200000010111010301013000002010110000011101100120101000000101000031100211000001030000000010000 4 6 2 4 1 4
0002002000000030000000000000002000000002010000000000000000003000000000000000000000000000000003003000 4 1 4 8 5 9
0002002000000000000000000000002000000002000000301000000000003000000003000000000000000000000003000000 4 1 4 8 4 4
0002002000000003000000000000002000000002000000001000000000000000000003000000000000000000000003003000 7 1 7 8 6 9
0002002000000000000000000000002000000002010300000000000000003000000003000000000000000000000000003000 7 1 7 8 7 4
0002002000000301000000000000002000000002000000000000000000003000000003000000000000000000000000003000 7 1 7 8 9 6
0002002000000010300000000000002000000002000000000000000000003000000003000000000000000000000003000000 4 1 4 8 2 6
0000002000000000000000000030002000000012000000001001000000000000030003000200000000000000000003000000 10 4 10 6 5 6
0000002000000000000000000030002000000012000000001001000000003000000003000200000000030000000000000000 10 4 10 6 10 2
0002002000000001000000000030002000000002000000000000000000003000000003000000000000000000000003000000 4 1 4 8 2 6
0002002000000300100000000000000001000002000000000000000000003003000000000000000000000210000000003000 4 1 1 4 3 2
0002002000000100300000000000002000001000000000000000000000003000003000000000000000012000000003000000 7 1 10 4 8 2